219  -062 -064 -063 -047 010
-062 647  555  529  113  174
-064 555  703  581  074  225
-063 529  581  671  095  215
-047 113  074  095  761  034
010  174  225  215  034  939